 -4.530632821146e-03
 -4.529318968350e-03
 -4.525377241794e-03
 -4.518807137583e-03
 -4.509607817929e-03
 -4.497778114199e-03
 -4.483316531195e-03
 -4.466221252648e-03
 -4.446490147945e-03
 -4.424120780076e-03
 -4.399110414817e-03
 -4.371456031143e-03
 -4.341154332871e-03
 -4.308201761544e-03
 -4.272594510563e-03
 -4.234328540551e-03
 -4.193399595975e-03
 -4.149803223018e-03
 -4.103534788707e-03
 -4.054589501302e-03
 -4.002962431947e-03
 -3.948648537600e-03
 -3.891642685223e-03
 -3.831939677259e-03
 -3.769534278389e-03
 -3.704421243569e-03
 -3.636595347365e-03
 -3.566051414570e-03
 -3.492784352127e-03
 -3.416789182342e-03
 -3.338061077398e-03
 -3.256595395178e-03
 -3.172387716381e-03
 -3.085433882945e-03
 -2.995730037779e-03
 -2.903272665786e-03
 -2.808058636192e-03
 -2.710085246172e-03
 -2.609350265766e-03
 -2.505851984082e-03
 -2.399589256786e-03
 -2.290561554853e-03
 -2.178769014596e-03
 -2.064212488940e-03
 -1.946893599935e-03
 -1.826814792507e-03
 -1.703979389407e-03
 -1.578391647364e-03
 -1.450056814406e-03
 -1.318981188337e-03
 -1.185172176339e-03
 -1.048638355679e-03
 -9.093895354887e-04
 -7.674368195821e-04
 -6.227926702866e-04
 -4.754709732412e-04
 -3.254871031277e-04
 -1.728579902902e-04
 -1.760218819694e-05
 1.402600583033e-04
 3.007067439843e-04
 4.637140335600e-04
 6.292561913762e-04
 7.973055105397e-04
 9.678322415524e-04
 1.140815684017e-03
 1.316214058211e-03
 1.493987789460e-03
 1.674098228173e-03
 1.856504319941e-03
 2.041162532815e-03
 2.228026784683e-03
 2.417048370830e-03
 2.608175891804e-03
 2.801355181687e-03
 2.996529236895e-03
 3.193638145622e-03
 3.392619018063e-03
 3.593405917531e-03
 3.795929792628e-03
 4.000118410588e-03
 4.205896291952e-03
 4.413184646729e-03
 4.621901312191e-03
 4.831960692467e-03
 5.043273700118e-03
 5.255747699842e-03
 5.469286454507e-03
 5.683790073688e-03
 5.899154964898e-03
 6.115273787708e-03
 6.332038383290e-03
 6.549345330462e-03
 6.767061156447e-03
 6.985063110332e-03
 7.203224513460e-03
 7.421414735221e-03
 7.639499173223e-03
 7.857339238078e-03
 8.074792343026e-03
 8.291711898646e-03
 8.507947312885e-03
 8.723343996656e-03
 8.937743375239e-03
 9.150982905753e-03
 9.362896100925e-03
 9.573312559429e-03
 9.782058003027e-03
 9.988954320787e-03
 1.019381962061e-02
 1.039646828832e-02
 1.059671105461e-02
 1.079436957132e-02
 1.098923703757e-02
 1.118110887960e-02
 1.136978199446e-02
 1.155505008409e-02
 1.173670377430e-02
 1.191453074338e-02
 1.208831586042e-02
 1.225784133349e-02
 1.242288686811e-02
 1.258322983592e-02
 1.273864545398e-02
 1.288890697474e-02
 1.303378588691e-02
 1.317305212735e-02
 1.330647430408e-02
 1.343381993069e-02
 1.355486039467e-02
 1.366936016833e-02
 1.377708080733e-02
 1.387778798196e-02
 1.397124761286e-02
 1.405722617495e-02
 1.413549101296e-02
 1.420581066865e-02
 1.426795521954e-02
 1.432169662929e-02
 1.436680910932e-02
 1.440306949179e-02
 1.443025761371e-02
 1.444815671186e-02
 1.445655382843e-02
 1.445523999243e-02
 1.444400962324e-02
 1.442266346166e-02
 1.439100799656e-02
 1.434885570299e-02
 1.429602550539e-02
 1.423234324894e-02
 1.415764217849e-02
 1.407176342450e-02
 1.397455649546e-02
 1.386587977608e-02
 1.374560103053e-02
 1.361359791013e-02
 1.346975846457e-02
 1.331397362039e-02
 1.314615654603e-02
 1.296623314231e-02
 1.277413820950e-02
 1.256981952956e-02
 1.235323838019e-02
 1.212437004579e-02
 1.188320432410e-02
 1.162974602743e-02
 1.136401547723e-02
 1.108604899059e-02
 1.079589935763e-02
 1.049363414979e-02
 1.017931341914e-02
 9.853069225306e-03
 9.515024845072e-03
 9.165322233167e-03
 8.804122414141e-03
 8.431605854634e-03
 8.047972814456e-03
 7.653443674831e-03
 7.248259242155e-03
 6.832681025582e-03
 6.406991486764e-03
 5.971483302724e-03
 5.526470236058e-03
 5.072319869660e-03
 4.609400446217e-03
 4.138101936835e-03
 3.658836087451e-03
 3.172036425341e-03
 2.678158224017e-03
 2.177678424861e-03
 1.671095513850e-03
 1.158929351751e-03
 6.417047144081e-04
 1.199647227463e-04
 -4.056735388318e-04
 -9.346072121078e-04
 -1.466213658271e-03
 -1.999850938243e-03
 -2.534858349345e-03