 -3.487764386850e-04
 -3.484577573097e-04
 -3.475024068153e-04
 -3.459124682431e-04
 -3.436914104876e-04
 -3.408440910320e-04
 -3.373767569728e-04
 -3.332970463280e-04
 -3.286139896220e-04
 -3.233380117400e-04
 -3.174809340401e-04
 -3.110559767138e-04
 -3.040777613807e-04
 -2.965623139038e-04
 -2.885270674090e-04
 -2.799908654918e-04
 -2.709739655918e-04
 -2.614980425148e-04
 -2.515861920807e-04
 -2.412629348723e-04
 -2.305542200617e-04
 -2.194874292858e-04
 -2.080913805438e-04
 -1.963963320859e-04
 -1.844339862624e-04
 -1.722374932993e-04
 -1.598414549668e-04
 -1.472819281029e-04
 -1.345964279557e-04
 -1.218239313041e-04
 -1.090048793156e-04
 -9.618118009893e-05
 -8.339621090692e-05
 -7.069481994382e-05
 -5.812332772925e-05
 -4.572952796976e-05
 -3.356268788729e-05
 -2.167354795217e-05
 -1.011432096655e-05
 1.061309556925e-06
 1.179819177843e-05
 2.203970873477e-05
 3.172778242378e-05
 4.080287883085e-05
 4.920401396060e-05
 5.686876093815e-05
 6.373325824604e-05
 6.973221916363e-05
 7.479894247792e-05
 7.886532453547e-05
 8.186187270642e-05
 8.371772033299e-05
 8.436064323579e-05
 8.371707785225e-05
 8.171214108290e-05
 7.826965192150e-05
 7.331215494647e-05
 6.676094575155e-05
 5.853609839412e-05
 4.855649494075e-05
 3.673985718933e-05
 2.300278064807e-05
 7.260770851577e-06
 -1.057171790560e-05
 -3.058124133723e-05
 -5.285682336485e-05
 -7.748616848452e-05
 -1.045582027854e-04
 -1.341630715751e-04
 -1.663916837858e-04
 -2.013356540645e-04
 -2.390872418139e-04
 -2.797392871075e-04
 -3.233851434076e-04
 -3.701186070120e-04
 -4.200338431618e-04
 -4.732253087406e-04
 -5.297876715020e-04
 -5.898157257602e-04
 -6.534043044865e-04
 -7.206481877527e-04
 -7.916420074702e-04
 -8.664801483739e-04
 -9.452566452055e-04
 -1.028065076056e-03
 -1.114998451828e-03
 -1.206149101793e-03
 -1.301608555201e-03
 -1.401467418949e-03
 -1.505815251259e-03
 -1.614740431384e-03
 -1.728331613226e-03
 -1.846681003504e-03
 -1.969865119824e-03
 -2.097966253440e-03
 -2.231064804945e-03
 -2.369239130240e-03
 -2.512565382673e-03
 -2.661117351373e-03
 -2.814966295871e-03
 -2.974180777070e-03
 -3.138826484641e-03
 -3.308966060951e-03
 -3.484658921625e-03
 -3.665961072853e-03
 -3.852924925580e-03
 -4.045599106712e-03
 -4.244028267502e-03
 -4.448252889270e-03
 -4.658309086650e-03
 -4.874228408545e-03
 -5.096037637012e-03
 -5.323775627379e-03
 -5.557448326144e-03
 -5.797061588805e-03
 -6.042621076256e-03
 -6.294126652147e-03
 -6.551572174440e-03
 -6.814945286763e-03
 -7.084227209890e-03
 -7.359392533709e-03
 -7.640409010025e-03
 -7.927237346597e-03
 -8.219831002791e-03
 -8.518135987269e-03
 -8.822090658158e-03
 -9.131625526122e-03
 -9.446663060825e-03
 -9.767117501257e-03
 -1.009290783602e-02
 -1.042392951203e-02
 -1.076006014379e-02
 -1.110117921432e-02
 -1.144715710141e-02
 -1.179785492217e-02
 -1.215312438515e-02
 -1.251280765091e-02
 -1.287673720135e-02
 -1.324473571867e-02
 -1.361661597453e-02
 -1.399218072992e-02
 -1.437122264673e-02
 -1.475352421132e-02
 -1.513885767105e-02
 -1.552699963830e-02
 -1.591771073312e-02
 -1.631070875220e-02
 -1.670572455438e-02
 -1.710247865631e-02
 -1.750068126075e-02
 -1.790003230271e-02
 -1.830022151406e-02
 -1.870092850730e-02
 -1.910182287919e-02
 -1.950256433490e-02
 -1.990280283346e-02
 -2.030217875497e-02
 -2.070032309041e-02
 -2.109687730430e-02
 -2.149144358871e-02
 -2.188361659824e-02
 -2.227299205456e-02
 -2.265915759671e-02
 -2.304169311854e-02
 -2.342017113248e-02
 -2.379415716021e-02
 -2.416321015056e-02
 -2.452688292500e-02
 -2.488472265106e-02
 -2.523627134387e-02
 -2.558106878525e-02
 -2.591867610153e-02
 -2.624859122035e-02
 -2.657034101091e-02
 -2.688345012633e-02
 -2.718744167704e-02
 -2.748183793252e-02
 -2.776616105132e-02
 -2.803993383893e-02
 -2.830268053314e-02
 -2.855392761651e-02
 -2.879320465524e-02
 -2.902005065061e-02
 -2.923400783511e-02
 -2.943460887164e-02
 -2.962140447590e-02
 -2.979395301670e-02
 -2.995182149740e-02
 -3.009458655750e-02
 -3.022183549278e-02
 -3.033316729292e-02
 -3.042819369465e-02
 -3.050654024917e-02
 -3.056784904835e-02
 -3.061177610918e-02
 -3.063799020214e-02
 -3.064618296764e-02
 -3.063606535116e-02
 -3.060736871476e-02
 -3.055984594799e-02
