 2.714487436557e-03
 2.713173583761e-03
 2.709231857205e-03
 2.702661752994e-03
 2.693462433340e-03
 2.681632729611e-03
 2.667171146606e-03
 2.650075868059e-03
 2.630344763356e-03
 2.607975395487e-03
 2.582965030229e-03
 2.555310646555e-03
 2.525008948282e-03
 2.492056376955e-03
 2.456449125974e-03
 2.418183155962e-03
 2.377254211386e-03
 2.333657838429e-03
 2.287389404118e-03
 2.238444116713e-03
 2.186817047358e-03
 2.132503153011e-03
 2.075497300634e-03
 2.015794292670e-03
 1.953388893800e-03
 1.888275858980e-03
 1.820449962776e-03
 1.749906029981e-03
 1.676638967538e-03
 1.600643797753e-03
 1.521915692809e-03
 1.440450010589e-03
 1.356242331792e-03
 1.269288498356e-03
 1.179584653190e-03
 1.087127281197e-03
 9.919132516031e-04
 8.939398615831e-04
 7.932048811768e-04
 6.897065994934e-04
 5.834438721968e-04
 4.744161702639e-04
 3.626236300073e-04
 2.480671043507e-04
 1.307482153463e-04
 1.066940791823e-05
 -1.121659951816e-04
 -2.377537372248e-04
 -3.660885701829e-04
 -4.971641962522e-04
 -6.309732082503e-04
 -7.675070289099e-04
 -9.067558491003e-04
 -1.048708565007e-03
 -1.193352714302e-03
 -1.340674411348e-03
 -1.490658281461e-03
 -1.643287394299e-03
 -1.798543196392e-03
 -1.956405442892e-03
 -2.116852128573e-03
 -2.279859418149e-03
 -2.445401575965e-03
 -2.613450895129e-03
 -2.783977626141e-03
 -2.956961068606e-03
 -3.132359442800e-03
 -3.310133174049e-03
 -3.490243612762e-03
 -3.672649704530e-03
 -3.857307917404e-03
 -4.044172169272e-03
 -4.233193755419e-03
 -4.424321276393e-03
 -4.617500566276e-03
 -4.812674621484e-03
 -5.009783530211e-03
 -5.208764402652e-03
 -5.409551302120e-03
 -5.612075177217e-03
 -5.816263795177e-03
 -6.022041676541e-03
 -6.229330031318e-03
 -6.438046696780e-03
 -6.648106077056e-03
 -6.859419084707e-03
 -7.071893084431e-03
 -7.285431839096e-03
 -7.499935458277e-03
 -7.715300349487e-03
 -7.931419172297e-03
 -8.148183767879e-03
 -8.365490715051e-03
 -8.583206541035e-03
 -8.801208494921e-03
 -9.019369898049e-03
 -9.237560119810e-03
 -9.455644557812e-03
 -9.673484622667e-03
 -9.890937727615e-03
 -1.010785728323e-02
 -1.032409269747e-02
 -1.053948938124e-02
 -1.075388875983e-02
 -1.096712829034e-02
 -1.117904148551e-02
 -1.138945794402e-02
 -1.159820338762e-02
 -1.180509970538e-02
 -1.200996500520e-02
 -1.221261367291e-02
 -1.241285643919e-02
 -1.261051495591e-02
 -1.280538242216e-02
 -1.299725426419e-02
 -1.318592737905e-02
 -1.337119546868e-02
 -1.355284915889e-02
 -1.373067612797e-02
 -1.390446124501e-02
 -1.407398671808e-02
 -1.423903225270e-02
 -1.439937522051e-02
 -1.455479083856e-02
 -1.470505235932e-02
 -1.484993127150e-02
 -1.498919751194e-02
 -1.512261968867e-02
 -1.524996531528e-02
 -1.537100577926e-02
 -1.548550555292e-02
 -1.559322619192e-02
 -1.569393336655e-02
 -1.578739299745e-02
 -1.587337155954e-02
 -1.595163639755e-02
 -1.602195605323e-02
 -1.608410060413e-02
 -1.613784201388e-02
 -1.618295449390e-02
 -1.621921487638e-02
 -1.624640299830e-02
 -1.626430209645e-02
 -1.627269921302e-02
 -1.627138537702e-02
 -1.626015500783e-02
 -1.623880884624e-02
 -1.620715338114e-02
 -1.616500108757e-02
 -1.611217088998e-02
 -1.604848863353e-02
 -1.597378756308e-02
 -1.588790880909e-02
 -1.579070188005e-02
 -1.568202516067e-02
 -1.556174641512e-02
 -1.542974329472e-02
 -1.528590384916e-02
 -1.513011900498e-02
 -1.496230193062e-02
 -1.478237852690e-02
 -1.459028359409e-02
 -1.438596491414e-02
 -1.416938376478e-02
 -1.394051543037e-02
 -1.369934970868e-02
 -1.344589141202e-02
 -1.318016086182e-02
 -1.290219437518e-02
 -1.261204474222e-02
 -1.230977953438e-02
 -1.199545880373e-02
 -1.166921460989e-02
 -1.133117022966e-02
 -1.098146761776e-02
 -1.062026779873e-02
 -1.024775123922e-02
 -9.864118199045e-03
 -9.469589059420e-03
 -9.064404626743e-03
 -8.648826410171e-03
 -8.223136871353e-03
 -7.787628687313e-03
 -7.342615620647e-03
 -6.888465254249e-03
 -6.425545830806e-03
 -5.954247321424e-03
 -5.474981472040e-03
 -4.988181809930e-03
 -4.494303608605e-03
 -3.993823809450e-03
 -3.487240898439e-03
 -2.975074736340e-03
 -2.457850098997e-03
 -1.936110107335e-03
 -1.410471845757e-03
 -8.815381724811e-04
 -3.499317263181e-04
 1.837055536538e-04
 7.187129647563e-04
