 5.839266402953e-01
 5.842821533939e-01
 5.853486926897e-01
 5.871262581828e-01
 5.896148498730e-01
 5.928144677605e-01
 5.967251118452e-01
 6.013467821271e-01
 6.066794786062e-01
 6.127232012825e-01
 6.194779501561e-01
 6.269437252268e-01
 6.351205264948e-01
 6.440083539600e-01
 6.536072076224e-01
 6.639170874820e-01
 6.749379935389e-01
 6.866699257929e-01
 6.991128842442e-01
 7.122668688927e-01
 7.261318797384e-01
 7.407079167813e-01
 7.559949800215e-01
 7.719930694588e-01
 7.887021850934e-01
 8.061223269252e-01
 8.242534949542e-01
 8.430956891804e-01
 8.626489096038e-01
 8.829131562244e-01
 9.038884290423e-01
 9.255747280574e-01
 9.479721440768e-01
 9.710824228214e-01
 9.949037870659e-01
 1.019436236810e+00
 1.044679772054e+00
 1.070634392798e+00
 1.097300099042e+00
 1.124676890786e+00
 1.152764768029e+00
 1.181563730773e+00
 1.211073779016e+00
 1.241294912759e+00
 1.272227132002e+00
 1.303870436744e+00
 1.336226960246e+00
 1.369295112455e+00
 1.403074407722e+00
 1.437564846048e+00
 1.472766427432e+00
 1.508679151874e+00
 1.545303019374e+00
 1.582638029933e+00
 1.620684183550e+00
 1.659441480225e+00
 1.698912473023e+00
 1.739095997695e+00
 1.779990735193e+00
 1.821596685516e+00
 1.863913848666e+00
 1.906942224642e+00
 1.950681813444e+00
 1.995132615072e+00
 2.040294950022e+00
 2.086171552318e+00
 2.132759419767e+00
 2.180058552368e+00
 2.228068950120e+00
 2.276790613024e+00
 2.326223541081e+00
 2.376367734289e+00
 2.427225959377e+00
 2.478797741054e+00
 2.531080857650e+00
 2.584075309166e+00
 2.637781095601e+00
 2.692198216957e+00
 2.747326673231e+00
 2.803169482973e+00
 2.859724768991e+00
 2.916991442255e+00
 2.974969502765e+00
 3.033658950520e+00
 3.093059785521e+00
 3.153174743972e+00
 3.214004318610e+00
 3.275545350260e+00
 3.337797838924e+00
 3.400761784602e+00
 3.464437187292e+00
 3.528827016488e+00
 3.593930121019e+00
 3.659744734890e+00
 3.726270858100e+00
 3.793508490649e+00
 3.861458594025e+00
 3.930125977844e+00
 3.999504940770e+00
 4.069595482803e+00