 -3.487764386850e-04
 -3.474895147695e-04
 -3.436400682529e-04
 -3.372620845409e-04
 -3.284122381635e-04
 -3.171699403537e-04
 -3.036374042527e-04
 -2.879397263345e-04
 -2.702249822355e-04
 -2.506643347696e-04
 -2.294521514948e-04
 -2.068061287870e-04
 -1.829674189556e-04
 -1.582007565188e-04
 -1.327945793308e-04
 -1.070611398279e-04
 -8.133660123382e-05
 -5.598111313348e-05
 -3.137886039847e-05
 -7.938079017812e-06
 1.390896803484e-05
 3.370606218632e-05
 5.097315560070e-05
 6.520656056860e-05
 7.587921043696e-05
 8.244100093835e-05
 8.431922112794e-05
 8.091908346137e-05
 7.162436284072e-05
 5.579815471520e-05
 3.278376254110e-05
 1.905725076979e-06
 -3.752918129167e-05
 -8.623433471681e-05
 -1.449310623202e-04
 -2.143565621741e-04
 -2.952591920770e-04
 -3.883963807064e-04
 -4.945323261992e-04
 -6.144354728888e-04
 -7.488757575273e-04
 -8.986216170454e-04
 -1.064436750775e-03
 -1.247076631073e-03
 -1.447284757454e-03
 -1.665788650693e-03
 -1.903311709144e-03
 -2.160526518714e-03
 -2.438082628733e-03
 -2.736598418897e-03
 -3.056652339372e-03
 -3.398777366715e-03
 -3.763455227998e-03
 -4.151110407225e-03
 -4.562103951172e-03
 -4.996727095137e-03
 -5.455224892004e-03
 -5.937717983104e-03
 -6.444233371280e-03
 -6.974716512399e-03
 -7.529009416806e-03
 -8.106843831970e-03
 -8.707834496471e-03
 -9.331472518322e-03
 -9.977123556907e-03
 -1.064405265297e-02
 -1.133129965136e-02
 -1.203779923526e-02
 -1.276233334408e-02
 -1.350352665675e-02
 -1.425984269146e-02
 -1.502958060745e-02
 -1.581091528314e-02
 -1.660180314411e-02
 -1.740000466026e-02
 -1.820314604874e-02
 -1.900868681502e-02
 -1.981392267875e-02
 -2.061598984339e-02
 -2.141191322661e-02
 -2.219849952418e-02
 -2.297243038221e-02
 -2.373027582038e-02
 -2.446849076186e-02
 -2.518342904576e-02
 -2.587138973564e-02
 -2.652857361701e-02
 -2.715109574722e-02
 -2.773508187931e-02
 -2.827665471717e-02
 -2.877195912582e-02
 -2.921720833996e-02
 -2.960865964406e-02
 -2.994267944123e-02
 -3.021578710982e-02
 -3.042467512605e-02
 -3.056624481942e-02
 -3.063763797426e-02
 -3.063626000037e-02
 -3.055984594799e-02
