 2.714487436557e-03
 2.709178634195e-03
 2.693249486696e-03
 2.666691813091e-03
 2.629492112710e-03
 2.581631766767e-03
 2.523087320908e-03
 2.453830849041e-03
 2.373830398852e-03
 2.283050519446e-03
 2.181452871647e-03
 2.068996921478e-03
 1.945640717389e-03
 1.811341751780e-03
 1.666057907322e-03
 1.509748488542e-03
 1.342375339018e-03
 1.163904044433e-03
 9.743052215514e-04
 7.735558929991e-04
 5.616409474777e-04
 3.385546847659e-04
 1.043024445219e-04
 -1.410976824733e-04
 -3.976130624275e-04
 -6.651946482856e-04
 -9.437750339352e-04
 -1.233266436294e-03
 -1.533558609359e-03
 -1.844516695019e-03
 -2.165979016209e-03
 -2.497754818842e-03
 -2.839623354045e-03
 -3.191355284592e-03
 -3.552631454263e-03
 -3.923121398471e-03
 -4.302453798705e-03
 -4.690214106474e-03
 -5.085942189761e-03
 -5.489130017283e-03
 -5.899219397207e-03
 -6.315599788334e-03
 -6.737606203140e-03
 -7.164517223492e-03
 -7.595553151232e-03
 -8.029874317258e-03
 -8.466608111994e-03
 -8.904768103705e-03
 -9.343319712947e-03
 -9.781170328420e-03
 -1.021716219715e-02
 -1.065007225411e-02
 -1.107861231095e-02
 -1.150142963640e-02
 -1.191710796142e-02
 -1.232416894242e-02
 -1.272109920187e-02
 -1.310628806348e-02
 -1.347807087127e-02
 -1.383474554976e-02
 -1.417456328786e-02
 -1.449573343800e-02
 -1.479642909185e-02
 -1.507479335767e-02
 -1.532894806039e-02
 -1.555701011971e-02
 -1.575705949973e-02
 -1.592719655057e-02
 -1.606553418076e-02
 -1.617020865880e-02
 -1.623939117454e-02
 -1.627130014522e-02
 -1.626421277720e-02
 -1.621647578091e-02
 -1.612652930723e-02
 -1.599291742527e-02
 -1.581430308240e-02
 -1.558948409431e-02
 -1.531740952510e-02
 -1.499717785808e-02
 -1.462809674176e-02
 -1.420967554459e-02
 -1.374163652101e-02
 -1.322393732473e-02
 -1.265678736456e-02
 -1.204063467026e-02
 -1.137622806611e-02
 -1.066465609905e-02
 -9.907286377479e-03
 -9.105808784257e-03
 -8.262245911874e-03
 -7.378920399477e-03
 -6.458557487672e-03
 -5.504246817507e-03
 -4.519409332399e-03
 -3.507820695542e-03
 -2.473593339288e-03
 -1.421125477311e-03
 -3.553127380319e-04
 7.187129647563e-04
