 3.021306874072e-02
 3.021435566464e-02
 3.021820511115e-02
 3.022458309486e-02
 3.023343294124e-02
 3.024467523905e-02
 3.025820777515e-02
 3.027390545307e-02
 3.029162019717e-02
 3.031118084464e-02
 3.033239302791e-02
 3.035503905062e-02
 3.037887776045e-02
 3.040364442289e-02
 3.042905060007e-02
 3.045478403958e-02
 3.048050857817e-02
 3.050586406627e-02
 3.053046631901e-02
 3.055390710039e-02
 3.057575414744e-02
 3.059555124159e-02
 3.061281833501e-02
 3.062705173997e-02
 3.063772438984e-02
 3.064428618034e-02
 3.064616440053e-02
 3.064276426287e-02
 3.063346954225e-02
 3.061764333412e-02
 3.059462894195e-02
 3.056375090448e-02
 3.052431599811e-02
 3.047561084469e-02
 3.041691411708e-02
 3.034748861723e-02
 3.026658598733e-02
 3.017344879870e-02
 3.006731285321e-02
 2.994740970652e-02
 2.981296942188e-02
 2.966322356236e-02
 2.949740842863e-02
 2.931476854833e-02
 2.911456042195e-02
 2.889605652871e-02
 2.865853347026e-02
 2.840131866069e-02
 2.812376255067e-02
 2.782524676051e-02
 2.750519284003e-02
 2.716306781269e-02
 2.679838995141e-02
 2.641073477218e-02
 2.599974122823e-02
 2.556511808427e-02
 2.510662028740e-02
 2.462412719630e-02
 2.411761180812e-02
 2.358712866701e-02
 2.303283576260e-02
 2.245500134744e-02
 2.185401068293e-02
 2.123037266108e-02
 2.058472162250e-02
 1.991779252643e-02
 1.923054552805e-02
 1.852404594414e-02
 1.779951183532e-02
 1.705831852266e-02
 1.630200248795e-02
 1.553226457196e-02
 1.475092989626e-02
 1.396004203529e-02
 1.316184051914e-02
 1.235869913067e-02
 1.155315836439e-02
 1.074792250065e-02
 9.945855336015e-03
 9.149931952793e-03
 8.363345655221e-03
 7.589414797197e-03
 6.831569359030e-03
 6.093354417544e-03
 5.378416133648e-03
 4.690455443762e-03
 4.033271562393e-03
 3.410749432181e-03
 2.826763300097e-03
 2.285190462230e-03
 1.789886053583e-03
 1.344636839441e-03
 9.531855353464e-04
 6.191657381784e-04
 3.460580695829e-04
 1.371700533560e-04
 -4.399640015989e-06
 -7.579279485409e-05
 -7.441482096530e-05
 1.999231412351e-06
