 4.530632821146e-03
 4.525324018784e-03
 4.509394871285e-03
 4.482837197680e-03
 4.445637497299e-03
 4.397777151356e-03
 4.339232705497e-03
 4.269976233630e-03
 4.189975783441e-03
 4.099195904035e-03
 3.997598256236e-03
 3.885142306067e-03
 3.761786101978e-03
 3.627487136369e-03
 3.482203291911e-03
 3.325893873131e-03
 3.158520723607e-03
 2.980049429022e-03
 2.790450606140e-03
 2.589701277588e-03
 2.377786332067e-03
 2.154700069355e-03
 1.920447829111e-03
 1.675047702116e-03
 1.418532322161e-03
 1.150950736303e-03
 8.723703506538e-04
 5.828789482949e-04
 2.825867752297e-04
 -2.837131042986e-05
 -3.498336316202e-04
 -6.816094342532e-04
 -1.023477969456e-03
 -1.375209900003e-03
 -1.736486069674e-03
 -2.106976013882e-03
 -2.486308414116e-03
 -2.874068721885e-03
 -3.269796805172e-03
 -3.672984632694e-03
 -4.083074012618e-03
 -4.499454403745e-03
 -4.921460818551e-03
 -5.348371838903e-03
 -5.779407766643e-03
 -6.213728932669e-03
 -6.650462727405e-03
 -7.088622719116e-03
 -7.527174328358e-03
 -7.965024943831e-03
 -8.401016812560e-03
 -8.833926869516e-03
 -9.262466926357e-03
 -9.685284251813e-03
 -1.010096257683e-02
 -1.050802355783e-02
 -1.090495381728e-02
 -1.129014267889e-02
 -1.166192548668e-02
 -1.201860016517e-02
 -1.235841790328e-02
 -1.267958805341e-02
 -1.298028370726e-02
 -1.325864797308e-02
 -1.351280267580e-02
 -1.374086473512e-02
 -1.394091411514e-02
 -1.411105116599e-02
 -1.424938879617e-02
 -1.435406327421e-02
 -1.442324578995e-02
 -1.445515476063e-02
 -1.444806739262e-02
 -1.440033039632e-02
 -1.431038392264e-02
 -1.417677204068e-02
 -1.399815769781e-02
 -1.377333870972e-02
 -1.350126414051e-02
 -1.318103247349e-02
 -1.281195135718e-02
 -1.239353016001e-02
 -1.192549113642e-02
 -1.140779194014e-02
 -1.084064197997e-02
 -1.022448928567e-02
 -9.560082681522e-03
 -8.848510714459e-03
 -8.091140992890e-03
 -7.289663399668e-03
 -6.446100527286e-03
 -5.562775014888e-03
 -4.642412103083e-03
 -3.688101432919e-03
 -2.703263947810e-03
 -1.691675310953e-03
 -6.574479546995e-04
 3.950199072775e-04
 1.460832646557e-03
 2.534858349345e-03
