 -2.365507185197e+00
 -2.365347208343e+00
 -2.364867277779e+00
 -2.364067393506e+00
 -2.362947555524e+00
 -2.361507763833e+00
 -2.359748018433e+00
 -2.357668319324e+00
 -2.355268666506e+00
 -2.352549059978e+00
 -2.349509499742e+00
 -2.346149985796e+00
 -2.342470518141e+00
 -2.338471096777e+00
 -2.334151721705e+00
 -2.329512392922e+00
 -2.324553110431e+00
 -2.319273874231e+00
 -2.313674684322e+00
 -2.307755540703e+00
 -2.301516443376e+00
 -2.294957392339e+00
 -2.288078387593e+00
 -2.280879429138e+00
 -2.273360516974e+00
 -2.265521651101e+00
 -2.257362831519e+00
 -2.248884058227e+00
 -2.240085331227e+00
 -2.230966650517e+00
 -2.221528016099e+00
 -2.211769427971e+00
 -2.201690886134e+00
 -2.191292390588e+00
 -2.180573941333e+00
 -2.169535538369e+00
 -2.158177181695e+00
 -2.146498871313e+00
 -2.134500607221e+00
 -2.122182389421e+00
 -2.109544217911e+00
 -2.096586092692e+00
 -2.083308013764e+00
 -2.069709981127e+00
 -2.055791994781e+00
 -2.041554054725e+00
 -2.026996160961e+00
 -2.012118313487e+00
 -1.996920512305e+00
 -1.981402757413e+00
 -1.965565048812e+00
 -1.949407386502e+00
 -1.932929770483e+00
 -1.916132200755e+00
 -1.899014677318e+00
 -1.881577200171e+00
 -1.863819769316e+00
 -1.845742384751e+00
 -1.827345046478e+00
 -1.808627754495e+00
 -1.789590508803e+00
 -1.770233309402e+00
 -1.750556156292e+00
 -1.730559049472e+00
 -1.710241988944e+00
 -1.689603641821e+00
 -1.668644925974e+00
 -1.647366229732e+00
 -1.625767553096e+00
 -1.603848896065e+00
 -1.581610258640e+00
 -1.559051640819e+00
 -1.536173042605e+00
 -1.512974463995e+00
 -1.489455904991e+00
 -1.465617365592e+00
 -1.441458845799e+00
 -1.416980345611e+00
 -1.392181865029e+00
 -1.367063404052e+00
 -1.341624962680e+00
 -1.315866540914e+00
 -1.289788138753e+00
 -1.263389756197e+00
 -1.236671393247e+00
 -1.209633049902e+00
 -1.182274726163e+00
 -1.154596422029e+00
 -1.126598137500e+00
 -1.098279872577e+00
 -1.069641627259e+00
 -1.040683002785e+00
 -1.011402426769e+00
 -9.818018444588e-01
 -9.518812558530e-01
 -9.216406609519e-01
 -8.910800597555e-01
 -8.601994522639e-01
 -8.289988384771e-01
 -7.974782183950e-01
 -7.656375920176e-01
 -7.334769593450e-01
 -7.009963203771e-01
 -6.681956751140e-01
 -6.350750235557e-01
 -6.016343657021e-01
 -5.678737015532e-01
 -5.337930311091e-01
 -4.993923543698e-01
 -4.646716713352e-01
 -4.296309820053e-01
 -3.942702863802e-01
 -3.585869365122e-01
 -3.225826963915e-01
 -2.862584185809e-01
 -2.496141030803e-01
 -2.126497498898e-01
 -1.753653590093e-01
 -1.377609304388e-01
 -9.983646417837e-02
 -6.159196022799e-02
 -2.302741858764e-02
 1.585716074267e-02
 5.506177776294e-02
 9.458643247317e-02
 1.344311248734e-01
 1.745958549635e-01
 2.150806227436e-01
 2.558854282137e-01
 2.970119264637e-01
 3.384598565251e-01
 3.802278478224e-01
 4.223159003558e-01
 4.647240141251e-01
 5.074521891305e-01
 5.505004253718e-01
 5.938687228491e-01
 6.375570815625e-01
 6.815655015118e-01
 7.258939826971e-01
 7.705425251184e-01
 8.155111287757e-01
 8.607997936690e-01
 9.064085197983e-01
 9.523390413944e-01
 9.985924265315e-01
 1.045165904299e+00
 1.092059474698e+00
 1.139273137727e+00
 1.186806893387e+00
 1.234660741678e+00
 1.282834682599e+00
 1.331328716151e+00
 1.380142842334e+00
 1.429277061147e+00
 1.478731372592e+00
 1.528505776666e+00
 1.578600273372e+00
 1.629017374776e+00
 1.679755788789e+00
 1.730814318979e+00
 1.782192965346e+00
 1.833891727890e+00
 1.885910606610e+00
 1.938249601507e+00
 1.990908712581e+00
 2.043887939831e+00
 2.097187283259e+00
 2.150806742863e+00
 2.204746318643e+00
 2.259006391589e+00
 2.313591552521e+00
 2.368496861025e+00
 2.423722317101e+00
 2.479267920748e+00
 2.535133671966e+00
 2.591319570756e+00
 2.647825617117e+00
 2.704651811050e+00
 2.761798152554e+00
 2.819264641630e+00
 2.877051278277e+00
 2.935159512539e+00
 2.993590741480e+00
 3.052342141538e+00
 3.111413712714e+00
 3.170805455008e+00
 3.230517368419e+00
 3.290549452948e+00
 3.350901708594e+00
 3.411574135357e+00
 3.472566733238e+00
 3.533879502237e+00
 3.595514374109e+00
 3.657473560219e+00
 3.719752948841e+00
 3.782352539976e+00
 3.845272333622e+00
 3.908512329781e+00
 3.972072528452e+00
