 3.021306874072e-02
 3.021338742210e-02
 3.021434277259e-02
 3.021593271116e-02
 3.021815376892e-02
 3.022100108837e-02
 3.022446842243e-02
 3.022854813308e-02
 3.023323118978e-02
 3.023850716766e-02
 3.024436424536e-02
 3.025078920269e-02
 3.025776741802e-02
 3.026528286550e-02
 3.027331811200e-02
 3.028185431391e-02
 3.029087121381e-02
 3.030034713689e-02
 3.031025898732e-02
 3.032058224453e-02
 3.033129095934e-02
 3.034235775012e-02
 3.035375379886e-02
 3.036544884732e-02
 3.037741119314e-02
 3.038960768611e-02
 3.040200372444e-02
 3.041456325130e-02
 3.042724875145e-02
 3.044002124810e-02
 3.045284030009e-02
 3.046566399931e-02
 3.047844896850e-02
 3.049115035946e-02
 3.050372185168e-02
 3.051611565144e-02
 3.052828249152e-02
 3.054017163145e-02
 3.055173085844e-02
 3.056290648896e-02
 3.057364337118e-02
 3.058388488814e-02
 3.059357296183e-02
 3.060264805824e-02
 3.061104919337e-02
 3.061871394034e-02
 3.062557843765e-02
 3.063157739857e-02
 3.063664412188e-02
 3.064071050394e-02
 3.064370705211e-02
 3.064556289974e-02
 3.064620582264e-02
 3.064556225726e-02
 3.064355732049e-02
 3.064011483133e-02
 3.063515733435e-02
 3.062860612516e-02
 3.062038127780e-02
 3.061040167435e-02
 3.059858503659e-02
 3.058484796005e-02
 3.056910595026e-02
 3.055127346150e-02
 3.053126393807e-02
 3.050898835604e-02
 3.048435901092e-02
 3.045728697662e-02
 3.042768210783e-02
 3.039545349562e-02
 3.036050952534e-02
 3.032275793759e-02
 3.028210589230e-02
 3.023846003600e-02
 3.019172657239e-02
 3.014181133624e-02
 3.008861987066e-02
 3.003205750790e-02
 2.997202945364e-02
 2.990844087492e-02
 2.984119699165e-02
 2.977020317193e-02
 2.969536503103e-02
 2.961658853420e-02
 2.953378010335e-02
 2.944684672758e-02
 2.935569607761e-02
 2.926023662420e-02
 2.916037776046e-02
 2.905602992815e-02
 2.894710474802e-02
 2.883351356618e-02
 2.871516417590e-02
 2.859198005958e-02
 2.846387892596e-02
 2.833078037446e-02
 2.819260604916e-02
 2.804927979673e-02
 2.790072782803e-02
 2.774687888353e-02
 2.758766440233e-02
 2.742301869476e-02
 2.725287911845e-02
 2.707718625778e-02
 2.689588410655e-02
 2.670892025383e-02
 2.651624607269e-02
 2.631781691190e-02
 2.611359229013e-02
 2.590353609275e-02
 2.568761677086e-02
 2.546580754239e-02
 2.523806955203e-02
 2.500439685326e-02
 2.476478359060e-02
 2.451922410315e-02
 2.426771852726e-02
 2.401027300496e-02
 2.374689989264e-02
 2.347761796951e-02
 2.320245264570e-02
 2.292143616938e-02
 2.263460783281e-02
 2.234201417661e-02
 2.204370919214e-02
 2.173975452125e-02
 2.143021965328e-02
 2.111518211858e-02
 2.079472767815e-02
 2.046893734338e-02
 2.013791566737e-02
 1.980178503561e-02
 1.946066596508e-02
 1.911468807799e-02
 1.876399025724e-02
 1.840872079425e-02
 1.804903752850e-02
 1.768510797806e-02
 1.731710946073e-02
 1.694522920488e-02
 1.656966444949e-02
 1.619062253268e-02
 1.580832096809e-02
 1.542298750835e-02
 1.503484554111e-02
 1.464413444628e-02
 1.425113642721e-02
 1.385612062502e-02
 1.345936652309e-02
 1.306116391866e-02
 1.266181287670e-02
 1.226162366534e-02
 1.186091667210e-02
 1.146002230022e-02
 1.105928084451e-02
 1.065904234595e-02
 1.025966642444e-02
 9.861522088991e-03
 9.464967875103e-03
 9.070401590691e-03
 8.678228581163e-03
 8.288853124847e-03
 7.902687582692e-03
 7.520152060860e-03
 7.141674046923e-03
 6.767688019196e-03
 6.398635028849e-03
 6.034962254404e-03
 5.677122528343e-03
 5.325573835539e-03
 4.980776394154e-03
 4.643169077870e-03
 4.313253959052e-03
 3.991504168498e-03
 3.678395053076e-03
 3.374403502369e-03
 3.080007246887e-03
 2.795684128083e-03
 2.521911340474e-03
 2.259164646261e-03
 2.007917562895e-03
 1.768640524161e-03
 1.541794528799e-03
 1.327837344292e-03
 1.127236307769e-03
 9.404407035074e-04
 7.678921627095e-04
 6.100236820018e-04
 4.672586219098e-04
 3.400096866237e-04
 2.286778864876e-04
 1.336514847508e-04
 5.530493023122e-05
 -6.003868947217e-06
 -4.993092977798e-05
 -7.614502273870e-05
 -8.433778823281e-05
 -7.422017175008e-05
 -4.552353535091e-05
 1.999231412351e-06
